firstBlock = 1.0e+03 *
    1.6880    0.1472   -0.0323    0.0142   -0.0060    0.0043    0.0004   -0.0010
         0         0         0         0         0         0         0         0
         0         0         0         0         0         0         0         0
         0         0         0         0         0         0         0         0
         0         0         0         0         0         0         0         0
         0         0         0         0         0         0         0         0
         0         0         0         0         0         0         0         0
         0         0         0         0         0         0         0         0
secondBlock = 1.0e+03 *
    1.7120   -0.2099   -0.1457   -0.0611    0.0180    0.0669    0.0820    0.0525
         0         0         0         0         0         0         0         0
         0         0         0         0         0         0         0         0
         0         0         0         0         0         0         0         0
         0         0         0         0         0         0         0         0
         0         0         0         0         0         0         0         0
         0         0         0         0         0         0         0         0
         0         0         0         0         0         0         0         0
First block DC DCT coefficient: 1688.00
First block AC DCT coefficient matrix:
   105     0     0     0     0     0     0     0
    13     0     0     0     0     0     0     0
     0     0     0     0     0     0     0     0
     0     0     0     0     0     0     0     0
     0     0     0     0     0     0     0     0
    -3     0     0     0     0     0     0     0
     1     0     0     0     0     0     0     0
     0     0     0     0     0     0     0     0
Second block DC DCT coefficient: 1712.00
Second block AC DCT coefficient matrix:
   107     0     0     0     0     0     0     0
   -19     0     0     0     0     0     0     0
     0     0     0     0     0     0     0     0
     0     0     0     2     0     0     0     0
     0     0     0     1     0     0     0     0
   -15     0     0     0     0     0     0     0
    -4     1     0     0     0     0     0     0
     0     2     0     0     0     0     0     0